11805111
11805112
11805113
11805114
11805115
11805116
11805117
11805118
11805119
11805120
11805121
11805122
11805123
11805124
11805125
11805126
11805127
11805128
11805129
11805130
11805131
11805132
11805133
11805134
11805135
11805136
11805137
11805138
11805139
11805140
11805141
11805142
11805143
11805144
11805145
11805146
11805147
11805148
11805149
11805150
11805151
11805152
11805153
11805154
11805155
11805156
11805157
11805158
11805159
11805160
11805161
11805162
11805163
11805164
11805165
11805166
11805167
11805168
11805169
11805170
11805171
11805172
11805173
11805174
11805175
11805176
11805177
11805178
11805179
11805180
